5558063393272             2983507514342             1853342456040             3154656392664             1687165109902             2396366568960               -9551838306               -5422291380               -5479767034                  17466772
2983507514342             1853342456040             1349992046678             1687165109902             1093989463048             1502893674062               -5422291380               -3802643218               -3352868612                  11033882
1853342456040             1349992046678             1237409228184             1093989463048              961922479374             1337884501568               -3802643218               -3340359796               -2928310962                   9520260
3154656392664             1687165109902             1093989463048             2396366568960             1502893674062             2509225685280               -5479767034               -3352868612               -5143083522                  11353512
1687165109902             1093989463048              961922479374             1502893674062             1337884501568             2263484004486               -3352868612               -2928310962               -4463146508                   9411570
2396366568960             1502893674062             1337884501568             2509225685280             2263484004486             4472033504936               -5143083522               -4463146508               -8475647610                  16564892
-9551838306               -5422291380               -3802643218               -5479767034               -3352868612               -5143083522                  17466772                  11033882                  11353512                    -36336
-5422291380               -3802643218               -3340359796               -3352868612               -2928310962               -4463146508                  11033882                   9520260                   9411570                    -28462
-5479767034               -3352868612               -2928310962               -5143083522               -4463146508               -8475647610                  11353512                   9411570                  16564892                    -34596
17466772                  11033882                   9520260                  11353512                   9411570                  16564892                    -36336                    -28462                    -34596                       100
