A:
  1 至 5 列

             1017065509305              485013970803              289960606281              569562448897              292775965963
              485013970803              289960606281              251538080163              292775965963              214320383745
              289960606281              251538080163              343640216217              214320383745              253265057227
              569562448897              292775965963              214320383745              369660355345              239328021787
              292775965963              214320383745              253265057227              239328021787              259275576769
              369660355345              239328021787              259275576769              315558242329              329710917331
               -1662203259                -876339989                -681039067                -956117471                -603111553
                -876339989                -681039067                -832590837                -603111553                -673306895
                -956117471                -603111553                -673306895                -760417043                -756608477
                   2971869                   1927263                   2171037                   1930765                   1874743

  6 至 10 列

              369660355345               -1662203259                -876339989                -956117471                   2971869
              239328021787                -876339989                -681039067                -603111553                   1927263
              259275576769                -681039067                -832590837                -673306895                   2171037
              315558242329                -956117471                -603111553                -760417043                   1930765
              329710917331                -603111553                -673306895                -756608477                   1874743
              496283172377                -760417043                -756608477               -1072516479                   2482865
                -760417043                   2971869                   1927263                   1930765                     -6393
                -756608477                   1927263                   2171037                   1874743                     -5991
               -1072516479                   1930765                   1874743                   2482865                     -6147
                   2482865                     -6393                     -5991                     -6147                        20



特征值
  1 至 5 列

         -13011464698.6543                         0                         0                         0                         0
                         0          30079684.2456702                         0                         0                         0
                         0                         0         -215431358.967755                         0                         0
                         0                         0                         0                       Inf                         0
                         0                         0                         0                         0                       Inf
                         0                         0                         0                         0                         0
                         0                         0                         0                         0                         0
                         0                         0                         0                         0                         0
                         0                         0                         0                         0                         0
                         0                         0                         0                         0                         0


特征向量
     -6.64027041923436e-06
      3.36692747687912e-07
     -6.69834520302087e-06
      1.95792014125379e-06
     -2.81385770824177e-06
     -4.55470565404454e-06
      -0.00411659491278783
       -0.0033437646315626
       -0.0032668430191415
                        -1

归一化并反向
      6.64014160339521e-06
     -3.36686216122767e-07
      6.69821526057821e-06
     -1.95788215919733e-06
      2.81380312169347e-06
      4.55461729646362e-06
       0.00411651505419855
       0.00334369976525148
       0.00326677964504703
         0.999980600814272


4ac-b^2:
Ratio:
          74996.3603495764

硬磁偏移矫正参数
         -370.996847400216

         -178.422371069696

         -383.248701455677

软磁偏移矩阵
         0.497986452460441       -0.0126251203945392       -0.0734170179665849
       -0.0126251203945392         0.502341765381356         0.105512496433643
       -0.0734170179665849         0.105512496433643         0.341579720019999

软磁偏移矫正参数
         0.703350569345957      -0.00564015107245058       -0.0570317258816459
      -0.00564015107245058          0.70395596781518        0.0821945828788549
       -0.0570317258816459        0.0821945828788549         0.575822153801268
