1017065509305              485013970803              289960606281              569562448897              292775965963              369660355345               -1662203259                -876339989                -956117471                   2971869
485013970803              289960606281              251538080163              292775965963              214320383745              239328021787                -876339989                -681039067                -603111553                   1927263
289960606281              251538080163              343640216217              214320383745              253265057227              259275576769                -681039067                -832590837                -673306895                   2171037
569562448897              292775965963              214320383745              369660355345              239328021787              315558242329                -956117471                -603111553                -760417043                   1930765
292775965963              214320383745              253265057227              239328021787              259275576769              329710917331                -603111553                -673306895                -756608477                   1874743
369660355345              239328021787              259275576769              315558242329              329710917331              496283172377                -760417043                -756608477               -1072516479                   2482865
-1662203259                -876339989                -681039067                -956117471                -603111553                -760417043                   2971869                   1927263                   1930765                     -6393
-876339989                -681039067                -832590837                -603111553                -673306895                -756608477                   1927263                   2171037                   1874743                     -5991
-956117471                -603111553                -673306895                -760417043                -756608477               -1072516479                   1930765                   1874743                   2482865                     -6147
2971869                   1927263                   2171037                   1930765                   1874743                   2482865                     -6393                     -5991                     -6147                        20
